loss: 0.003890035
loss: 0.002375070
